2.2466095070000000	0
3.7403800570000000	0
2.6191696550000000	0
3.5126570180000000	0
3.2810733830000000	0
2.3877374180000000	0
3.2904330720000000	0
8.2037451940000000	0
4.3936891770000000	0
9.0801307620000000	0
1.8762558600000000	0
4.8470839810000000	0
2.4844277230000000	0
2.2349600350000000	0
2.8049567470000000	0
1.6348824420000000	0
1.2185271320000000	0
1.3437798840000000	0
.9676942300000000	0
1.5625191780000000	0
.7952642800000000	0
.6488199110000000	0
.8066893060000000	0
1.0050405180000000	0
.6802538080000000	0
.5686745510000000	0
.7440732300000000	0
1.4579410030000000	0
.7346546270000000	0
2.6736183970000000	0
1.8301529300000000	0
1.3287350250000000	0
.5865372380000000	0
2.2934171320000000	0
1.8537485870000000	0
3.0158013670000000	0
5.1210104080000000	0
1.8632538840000000	0
.6721894250000000	0
.6596120250000000	0
.8759456280000000	0
.8754525190000000	0
2.0332982410000000	0
1.3661493340000000	0
1.9526843380000000	0
2.6261847010000000	0
1.9466799350000000	0
4.9971190660000000	0
.7644025500000000	0
1.5165327670000000	0
9.6093957770000000	0
.9501156170000000	0
.7942454560000000	0
1.0457309240000000	0
.9886902110000000	0
2.0799720570000000	0
.9084095140000000	0
1.6245414510000000	0
.8613868590000000	0
.8448842420000000	0
1.8855835810000000	0
1.0160577470000000	0
.7912135520000000	0
1.5039334800000000	0
1.1123010540000000	0
1.3983050280000000	0
1.0243083860000000	0
1.1782163850000000	0
2.0054009700000000	0
.8879419280000000	0
1.2571834650000000	0
1.4893818590000000	0
1.0136323420000000	0
.8884886880000000	0
.8874578140000000	0
.2043963130000000	0
4.0427242890000000	0
4.0076632510000000	0
4.5906786780000000	0
2.7827896880000000	0
1.8260946270000000	0
1.9519774960000000	0
4.1718590720000000	0
3.2968618070000000	0
2.5937268500000000	0
3.0575973290000000	0
4.4919929050000000	0
3.2850844210000000	0
1.5070472930000000	0
2.2431762390000000	0
2.2503131940000000	0
2.8322443590000000	0
2.2330587680000000	0
2.2343901540000000	0
3.0466872130000000	0
3.2818316090000000	0
4.0091224220000000	0
2.0000050040000000	0
8.7632868440000000	0
2.5126281740000000	0
2.5115230010000000	0
1.0624925930000000	0
2.7343860580000000	0
1.8125221470000000	0
1.6250942250000000	0
.8526940370000000	0
3.6905179410000000	0
2.1390838530000000	0
2.3579968780000000	0
1.8248771930000000	0
.8646581380000000	0
1.7774469090000000	0
1.1162176190000000	0
1.2508488600000000	0
1.5387040700000000	0
.8717585440000000	0
1.9891146760000000	0
2.6450301620000000	0
1.6674618540000000	0
1.9494784460000000	0
2.8146902640000000	0
1.1850162830000000	0
.9732613560000000	0
1.7163132800000000	0
3.6003201630000000	0
1.5181746760000000	0
2.2923259500000000	0
1.4351720540000000	0
.8579426910000000	0
.8257896780000000	0
.8052086400000000	0
.8196972830000000	0
.6552522110000000	0
.8004571080000000	0
.6998499680000000	0
.9366533910000000	0
.7751598250000000	0
1.0318372280000000	0
.9883261860000000	0
19.2515305800000000	0
1.2082263400000000	0
1.1122769340000000	0
.7162989860000000	0
3.4589373060000000	0
1.2054668970000000	0
1.2794836830000000	0
.4210041110000000	0
.5708176090000000	0
.6864337470000000	0
.5105453360000000	0
.6843322280000000	0
.8555521860000000	0
.3170850130000000	0
.2524430990000000	0
.5102992290000000	0
2.3046058770000000	0
1.0175057290000000	0
.8712170040000000	0
1.3972402110000000	0
.6235225230000000	0
.8453534760000000	0
1.2038312240000000	0
.9395203020000000	0
.6593955780000000	0
4.8516515350000000	0
3.4411090120000000	0
2.5426554710000000	0
1.1813662060000000	0
2.5067157040000000	0
1.7420759790000000	0
10.1690648400000000	0
1.5593162050000000	0
6.5499426720000000	0
3.9400073340000000	0
5.6686260000000000	0
1.5717077960000000	0
12.2898657700000000	0
1.2551141050000000	0
1.3290589800000000	0
.5987448060000000	0
1.1805836640000000	0
1.1769295670000000	0
.5358198400000000	0
.7144230290000000	0
.8485039460000000	0
.7485364180000000	0
.8371771850000000	0
.4905462920000000	0
.5672113050000000	0
3.8829371420000000	0
2.5205200690000000	0
1.3074001600000000	0
1.2677218780000000	0
5.1031892610000000	0
2.0027447040000000	0
2.3762821830000000	0
1.6994042050000000	0
.8256047620000000	0
1.3365047430000000	0
1.2630829030000000	0
.8727145150000000	0
2.1087863140000000	0
1.9234953370000000	0
1.3401534800000000	0
.8208058840000000	0
.9916979960000000	0
1.1523071820000000	0
1.1997764930000000	0
2.6132432750000000	0
1.7655515040000000	0
6.1154624190000000	0
1.7525489460000000	0
1.6888908540000000	0
2.2414886640000000	0
1.2628780540000000	0
4.8390753000000000	0
3.9794096750000000	0
1.1209879820000000	0
1.2447344110000000	0
.9212890750000000	0
1.6453215810000000	0
.9068318210000000	0
1.3061804230000000	0
2.3510002340000000	0
1.6674996740000000	0
1.3683817240000000	0
1.6664616530000000	0
.9180919350000000	0
.9903308620000000	0
1.0300164010000000	0
.7994547260000000	0
.9905912610000000	0
.8138498960000000	0
1.3164199360000000	0
2.7121354640000000	0
1.5600009290000000	0
2.6784668320000000	0
2.3465261670000000	0
3.6729586880000000	0
2.9485789020000000	0
2.8456478210000000	0
2.5587790610000000	0
2.8763070790000000	0
2.8429107220000000	0
2.2873743730000000	0
1.3962178190000000	0
1.1043434020000000	0
2.7931409060000000	0
1.1756678710000000	0
2.4588624510000000	0
2.4669178650000000	0
2.7315794100000000	0
1.4712392470000000	0
1.6402323140000000	0
2.3628138700000000	0
1.3619361940000000	0
2.2592400530000000	0
1.3212955480000000	0
1.3620286510000000	0
1.8092365470000000	0
1.9017918440000000	0
1.2481406890000000	0
2.2625988950000000	0
1.3907806940000000	0
1.8966906030000000	0
3.8762976990000000	0
1.6678333280000000	0
2.5264895150000000	0
4.8396045860000000	0
.8428508710000000	0
1.2901279980000000	0
1.9044159390000000	0
1.4016540510000000	0
3.6420055320000000	0
2.6583195880000000	0
2.0190457940000000	0
3.3738502560000000	0
1.3875643350000000	0
1.6461460190000000	0
3.2978287680000000	0
4.4539738180000000	0
1.7076758020000000	0
1.0778156990000000	0
1.8985558320000000	0
1.1084276110000000	0
1.7062460610000000	0
1.4640378370000000	0
1.4605985970000000	0
2.0472975840000000	0
1.4916549310000000	0
1.8351023080000000	0
1.5214052460000000	0
1.5094594720000000	0
1.7884358470000000	0
1.0540545730000000	0
3.5931995960000000	0
1.5378693780000000	0
1.2873511470000000	0
1.2180348360000000	0
1.4393668760000000	0
1.9640117080000000	0
1.2792658070000000	0
1.4748678680000000	0
2.4085294030000000	0
2.3480550650000000	0
1.3722699920000000	0
3.2080270960000000	0
3.6231951250000000	0
1.7779756460000000	0
4.0295971130000000	0
2.0656041650000000	0
2.1891840830000000	0
3.5424002410000000	0
3.3917575270000000	0
1.8166871900000000	0
3.0524488500000000	0
3.0330707450000000	0
1.6882516920000000	0
1.3555217880000000	0
2.8633098800000000	0
1.1420160290000000	0
1.3405039250000000	0
7.3281588410000000	0
1.0625217900000000	1
4.6406044350000000	1
9.0467906660000000	1
3.8203572810000000	1
2.3952772850000000	1
2.3951659680000000	1
2.2449615290000000	1
1.9360691020000000	1
2.5314988750000000	1
3.1093381590000000	1
2.7812280130000000	1
2.1093825740000000	1
1.8124927920000000	1
3.0473732290000000	1
1.2187797940000000	1
1.8125716040000000	1
1.8437917050000000	1
1.3124007300000000	1
1.3281666380000000	1
1.2656788640000000	1
2.3281473120000000	1
1.2344796390000000	1
2.2160409470000000	1
2.7813227190000000	1
2.2968775400000000	1
1.0625813890000000	1
2.1437515780000000	1
3.6784686960000000	1
4.3406761480000000	1
4.8374888720000000	1
2.1370003540000000	1
4.7500729360000000	1
1.1718673830000000	1
1.4531451980000000	1
.8594092020000000	1
1.3437241450000000	1
.8067565480000000	1
4.2752432940000000	1
3.2601222220000000	1
2.6554313170000000	1
1.3540720700000000	1
1.2993832650000000	1
.8223839890000000	1
2.2704974710000000	1
3.8513805530000000	1
1.5298626190000000	1
2.6596016950000000	1
1.3230508390000000	1
1.2403275560000000	1
1.2945357650000000	1
3.0577501490000000	1
3.2114837470000000	1
.8518267570000000	1
.9400885080000000	1
1.1246293920000000	1
1.6626246270000000	1
1.5652815730000000	1
.9488238860000000	1
1.6758135960000000	1
2.1965435930000000	1
1.7596465520000000	1
2.0771165820000000	1
1.4564279900000000	1
.7838370200000000	1
1.0138383110000000	1
1.5911270800000000	1
.9876990800000000	1
.9633616620000000	1
1.1602290810000000	1
.8068590360000000	1
.8647117700000000	1
1.1421077810000000	1
1.0015088060000000	1
.7915646240000000	1
21.8438609500000000	1
1.6601596260000000	1
1.0155132730000000	1
3.8445662230000000	1
.9903522200000000	1
1.0037800540000000	1
1.2992308130000000	1
1.4021891530000000	1
2.2029857200000000	1
.9149208730000000	1
1.1679995640000000	1
2.4644963930000000	1
2.7700791070000000	1
2.8160927650000000	1
2.9879469750000000	1
.7799426230000000	1
2.0857678720000000	1
.6686206400000000	1
.6475768660000000	1
.6160509580000000	1
.7217799080000000	1
.7882866120000000	1
3.0517920530000000	1
.3082823070000000	1
.6625671050000000	1
8.9481244220000000	1
2.8307949100000000	1
.8744103090000000	1
.8912758400000000	1
2.7067253210000000	1
2.4386102430000000	1
4.5196248820000000	1
1.8382052170000000	1
5.8338373830000000	1
3.6513834900000000	1
3.3266339630000000	1
1.0759924550000000	1
2.9041586660000000	1
1.0180899540000000	1
1.2355785310000000	1
1.1476805010000000	1
.9903513700000000	1
.8122465510000000	1
2.6417281600000000	1
1.2069564650000000	1
1.1802862790000000	1
1.9044905300000000	1
.9581364150000000	1
.7802218710000000	1
.9138845680000000	1
.6498161790000000	1
1.5157077220000000	1
.8764392880000000	1
1.7421142030000000	1
.7646139770000000	1
1.7773247690000000	1
1.5969626470000000	1
1.4353069450000000	1
1.4728841550000000	1
1.9010593350000000	1
1.5242773430000000	1
1.0249605040000000	1
5.9156319500000000	1
1.4060527310000000	1
1.1177064900000000	1
1.4907182550000000	1
1.8413145640000000	1
2.2467026700000000	1
1.1055351010000000	1
1.0349356840000000	1
.8906902050000000	1
.9967863070000000	1
3.7035013850000000	1
2.7583597340000000	1
2.2419582850000000	1
1.6486617950000000	1
1.9151370540000000	1
4.7489924550000000	1
1.9610421750000000	1
1.2283026560000000	1
4.9359003280000000	1
6.8048986600000000	1
.8888772260000000	1
1.7395175310000000	1
1.5337196610000000	1
.9699753040000000	1
2.3862202900000000	1
3.1974440530000000	1
2.2777506560000000	1
1.5616325650000000	1
1.0362193740000000	1
1.1298448270000000	1
.6469238540000000	1
1.4867626650000000	1
1.6410798010000000	1
1.8458048010000000	1
2.3807925200000000	1
1.0371198340000000	1
1.7929291600000000	1
1.3762723570000000	1
.8950013330000000	1
.8558532320000000	1
2.2582442740000000	1
1.5294799980000000	1
1.2064910800000000	1
2.0112727160000000	1
2.5225367230000000	1
.7425181690000000	1
.9482878990000000	1
.5687451230000000	1
.6461127260000000	1
.4832023660000000	1
2.2000226010000000	1
4.2426774020000000	1
2.1644714240000000	1
1.5074267810000000	1
2.4964283110000000	1
4.9194508630000000	1
3.3490477510000000	1
1.3782684650000000	1
.9025319620000000	1
1.8521303500000000	1
7.6418632360000000	1
.9135317710000000	1
2.9755370710000000	1
5.7222078050000000	1
1.1375322320000000	1
1.2454140660000000	1
1.6264777070000000	1
1.4782672590000000	1
1.5641052550000000	1
1.0197212240000000	1
3.2262458030000000	1
1.4960982320000000	1
1.2103046330000000	1
1.3892749740000000	1
1.3617144820000000	1
1.0099662460000000	1
.8360681370000000	1
.8226537020000000	1
1.0904626780000000	1
1.0740918250000000	1
1.1581141630000000	1
1.1244170570000000	1
1.0443561160000000	1
3.0898574590000000	1
2.6904357890000000	1
1.0810593040000000	1
6.6066526240000000	1
3.8444746380000000	1
1.2866809060000000	1
1.1836390220000000	1
2.0729272190000000	1
2.1255196800000000	1
.8869530960000000	1
3.1865306520000000	1
1.7382208750000000	1
1.1815982660000000	1
1.6713422270000000	1
.8465283470000000	1
1.0376081570000000	1
.1712872890000000	1
1.1347881700000000	1
.7260871080000000	1
.8487826030000000	1
.7413787100000000	1
1.6934135700000000	1
1.2386813740000000	1
.8727589200000000	1
3.5779024740000000	1
4.0090800800000000	1
1.0424971310000000	1
.9839578860000000	1
3.0213926120000000	1
2.2827657150000000	1
1.5410484010000000	1
.6151692580000000	1
9.0128297610000000	1
1.4962746620000000	1
.8584916320000000	1
1.1044698250000000	1
2.9757676540000000	1
1.4497904520000000	1
1.4003056010000000	1
1.3721386760000000	1
2.4111316130000000	1
1.9637901670000000	1
1.0051271470000000	1
1.2252862720000000	1
1.8544071620000000	1
1.5446920250000000	1
2.4546536260000000	1
1.2963530210000000	1
2.0552310610000000	1
1.1177475040000000	1
1.4833042780000000	1
1.4767098720000000	1
1.0143474360000000	1
2.4608831160000000	1
4.1641817040000000	1
1.4032771930000000	1
1.0143326960000000	1
2.3267643860000000	1
1.8921668860000000	1
2.9872395280000000	1
1.4735015520000000	1
1.1211268910000000	1
1.0322770400000000	1
1.0591593870000000	1
2.0534408700000000	1
.9576031090000000	1
2.7149719030000000	1
1.1465433190000000	1
.9533648050000000	1
.9253774340000000	1
.9363821080000000	1
.6686627660000000	1
1.0010308790000000	1
.6636794410000000	1
.8571344350000000	1
2.6952833730000000	1
4.6409554480000000	1
.6018191340000000	1
1.2436714640000000	1
.6618012590000000	1
.7664399000000000	1
.5884949840000000	1
.6907149910000000	1
2.1156946800000000	1
.9664732210000000	1
.6515076600000000	1
.9632805340000000	1
.7223533150000000	1
1.0799158680000000	1
.9049376310000000	1
1.2981190930000000	1
1.5405265250000000	1
.8821694190000000	1
.9768829500000000	1
.5899966370000000	1
.8265198420000000	1
.6538798420000000	1
1.1147415190000000	1
.5801621980000000	1
.7379656760000000	1
.8821037610000000	1
2.6369945160000000	1
1.3631984390000000	1
.9732279760000000	1
1.0297302160000000	1
2.9733914520000000	1
1.1754266780000000	1
.6490608870000000	1
.7115478500000000	1
2.2142824920000000	1
1.0868725120000000	1
1.2395461630000000	1
1.5398279580000000	1
14.3057734100000000	1
2.0779318290000000	1
.5681262000000000	1
.9875637990000000	1
.8916492140000000	1
.9748654120000000	1
1.1802599260000000	1
1.9986448500000000	1
1.5411469280000000	1
10.4520179200000000	1
1.6160473130000000	1
3.0780685870000000	1
3.4217729990000000	1
1.6558564840000000	1
1.0625992510000000	1
3.0626194200000000	1
4.1718524920000000	1
3.1719306500000000	1
3.1094087430000000	1
1.9375184870000000	1
3.3281820290000000	1
5.5157051960000000	1
1.9062933150000000	1
2.7343157940000000	1
2.4532098750000000	1
12.7496865700000000	1
1.7812072530000000	1
1.7496053420000000	1
.9954887550000000	1
3.2812827090000000	1
2.3526454910000000	1
2.2153908890000000	1
3.3704535980000000	1
1.9184797420000000	1
2.7898788800000000	1
3.8866590040000000	1
2.5756995490000000	1
2.7218181150000000	1
4.2490972570000000	1
2.1965830180000000	1
3.6672038040000000	1
2.2969007710000000	1
1.3438252400000000	1
.9688349650000000	1
1.2812550240000000	1
.7187916560000000	1
.6975812870000000	1
1.2657368160000000	1
.8035489560000000	1
.8048100370000000	1
1.0085634510000000	1
2.3200674320000000	1
10.3095036300000000	1
2.1520778970000000	1
3.6814805430000000	1
3.1405475760000000	1
1.3426194990000000	1
1.3600866680000000	1
1.1916493290000000	1
1.3361819230000000	1
2.3468845670000000	1
1.1772805760000000	1
2.7858059770000000	1
1.4112915980000000	1
.8290891090000000	1
.8462623820000000	1
1.2577089680000000	1
.7405383750000000	1
.9240524080000000	1
1.0202649890000000	1
1.7421733500000000	1
.9623924170000000	1
1.2351061280000000	1
2.0244271970000000	1
1.4645959970000000	1
1.0414970670000000	1
1.0172646130000000	1
1.1543122230000000	1
.8627929340000000	1
.8989694290000000	1
1.3279619910000000	1
1.6504627140000000	1
.8450066260000000	1
.8877168130000000	1
.9077109440000000	1
.9079936770000000	1
.9226967150000000	1
.9438481330000000	1
.9858240160000000	1
1.0813727720000000	1
1.1204954140000000	1
1.1220783640000000	1
1.1470518220000000	1
1.2443273510000000	1
1.3360411140000000	1
1.4873196460000000	1
1.8251031660000000	1
1.9910163980000000	1
2.2295363210000000	1
2.6041457760000000	1
3.2186115500000000	1
3.9236856130000000	1
4.7987674070000000	1
3.0173347380000000	1
1.9354058790000000	1
2.0043553470000000	1
2.0698213420000000	1
2.0031051560000000	1
1.5737262360000000	1
1.9877361530000000	1
1.1605873000000000	1
.7765453530000000	1
1.6979543580000000	1
.8558621650000000	1
1.0030667430000000	1
2.5359516040000000	1
1.2783737420000000	1
1.0617842050000000	1
.8696191850000000	1
.7338351670000000	1
1.2035869200000000	1
1.0231537790000000	1
1.6413777210000000	1
1.3632536600000000	1
1.1339612130000000	1
.8883729510000000	1
2.7907941420000000	1
.7642676600000000	1
.8060014550000000	1
1.2162710700000000	1
1.3258729790000000	1
2.1126887510000000	1
.8884462030000000	1
.7695757250000000	1
1.0330047880000000	1
.7377451980000000	1
.8820331090000000	1
.8818620390000000	1
1.1823372370000000	1
1.6484625860000000	1
1.1238323840000000	1
.9293255440000000	1
.8391165670000000	1
.9558296930000000	1
1.4442954600000000	1
.6478395000000000	1
2.6934176680000000	1
.9803234420000000	1
.9397281740000000	1
3.3045353050000000	1
.6880073180000000	1
1.2388687620000000	1
.8242161070000000	1
.7893375950000000	1
.6828922080000000	1
.9581214880000000	1
.8014299260000000	1
.7973997450000000	1
.7955278070000000	1
.7161819620000000	1
.7074828810000000	1
1.3669287500000000	1
.9739081150000000	1
.7565373760000000	1
.7035545370000000	1
.7738520150000000	1
.5847573110000000	1
.5503535960000000	1
1.5245667770000000	1
.7163954640000000	1
.6396799800000000	1
1.0094463380000000	1
.8024943080000000	1
.8793102910000000	1
.7260468180000000	1
.8858381750000000	1
.6147797740000000	1
.6381341010000000	1
.8273922810000000	1
.8820179230000000	1
.9219061330000000	1
.8576702310000000	1
1.2768819090000000	1
.9158088260000000	1
1.0069982140000000	1
.9704643930000000	1
1.3840946520000000	1
.8280573520000000	1
3.2570061420000000	1
.8902739210000000	1
1.1523929400000000	1
.8814493290000000	1
2.0613411220000000	1
1.1336172880000000	1
.7080876540000000	1
.9652443190000000	1
.6896742400000000	1
.3842688480000000	1
1.3813222550000000	1
3.3718099380000000	1
2.6170679190000000	1
1.8875851040000000	1
2.0805192980000000	1
.9436701690000000	1
3.8260987830000000	1
2.6660200650000000	1
1.0533300940000000	1
1.0303494680000000	1
.9655944970000000	1
1.5786940470000000	1
1.2854209640000000	1
.8886093350000000	1
1.5138457250000000	1
1.2525885640000000	1
1.7352862090000000	1
1.2662136440000000	1
1.7505009190000000	1
.9926383030000000	1
.9825779430000000	1
1.0216009210000000	1
1.0785328060000000	1
.8130941010000000	1
.8623328740000000	1
.7887485120000000	1
.7499823570000000	1
1.3503429830000000	1
1.1372124350000000	1
.7649929470000000	1
.7805363920000000	1
1.0940673170000000	1
.7929023630000000	1
.5861816990000000	1
.9597808910000000	1
.8373079290000000	1
.7237009830000000	1
.9842747690000000	1
.7406339580000000	1
.7807378310000000	1
2.6892146360000000	1
2.6520211390000000	1
2.1507213860000000	1
1.0981724840000000	1
1.6378663320000000	1
.9664047210000000	1
.9540972610000000	1
.9116466850000000	1
.8830114620000000	1
.8442765730000000	1
1.3528817460000000	1
1.0045259120000000	1
5.2411833390000000	1
.8064010410000000	1
.8275883630000000	1
1.0885024960000000	1
.7314923580000000	1
.7143373980000000	1
.8036711110000000	1
.0100692930000000	1
2.4762631950000000	1
1.5382819850000000	1
1.2496790810000000	1
.8388926460000000	1
2.2354974750000000	1
1.4529922470000000	1
.7873513880000000	1
.7756558400000000	1
.8308216680000000	1
.9106037560000000	1
1.1038632610000000	1
.8980586770000000	1
.9606558800000000	1
.9113183970000000	1
.6882342380000000	1
.9408558540000000	1
.7448914330000000	1
1.7060694470000000	1
1.0129591230000000	1
1.7861481110000000	1
4.1670813850000000	1
1.2004259300000000	1
3.4074467130000000	1
1.7870891840000000	1
.5543808540000000	1
.7227575380000000	1
2.1843709340000000	1
1.3617360920000000	1
1.3647845090000000	1
.7052602950000000	1
1.1135507380000000	1
.8869486220000000	1
1.3963080430000000	1
1.5317220720000000	1
4.8696653260000000	1
1.2004344160000000	1
1.0744439040000000	1
1.1696398220000000	1
1.0677606130000000	1
1.8889130080000000	1
.8870790450000000	1
2.3875473620000000	1
.9559272610000000	1
.9252666640000000	1
2.1224699810000000	1
2.4850917900000000	1
1.0794919930000000	1
5.4089184400000000	1
1.4481923220000000	1
1.4408743350000000	1
1.3416656730000000	1
.9974929280000000	1
1.0275148100000000	1
2.1582331600000000	1
1.0870900330000000	1
.6747475400000000	1
2.9912201130000000	1
.6325427100000000	1
.7925423890000000	1
.7163913710000000	1
1.0080737270000000	1
1.3707406470000000	1
2.4306964190000000	1
2.3912121620000000	1
1.9633944310000000	1
1.5552786300000000	1
.8543120250000000	1
1.3430913940000000	1
.9560009590000000	1
3.0685788840000000	1
.8340240850000000	1
.8049517900000000	1
1.3196447130000000	1
.9545390590000000	1
.9364133730000000	1
1.2640380160000000	1
1.2060622630000000	1
1.1818674360000000	1
1.7851596370000000	1
.9506500390000000	1
1.4581612040000000	1
1.6285857980000000	1
.6997780570000000	1
1.0583471830000000	1
.5786604500000000	1
.7222502380000000	1
.9130408950000000	1
.7805907210000000	1
4.1415378470000000	1
1.4377648950000000	1
.9260086730000000	1
1.2202704330000000	1
2.8447377390000000	1
3.6231947820000000	1
2.0517567670000000	1
2.7529118650000000	1
4.2644045600000000	1
1.0456210470000000	1
2.7050713820000000	1
1.3288293980000000	1
8.8176444500000000	1
1.6350995170000000	1
3.4597738940000000	1
2.9250532750000000	1
5.2184833600000000	1
1.9486845300000000	1
1.6198658510000000	1
3.8823435350000000	1
2.0171694750000000	1
2.1043152820000000	1
2.8458686730000000	1
.7326546540000000	1
1.3864092260000000	1
.7874607440000000	1
.5937252800000000	1
.4969969050000000	1
1.1560532900000000	1
1.2686134040000000	1
1.7159657810000000	1
.5945609750000000	1
.4791507450000000	1
.7310364170000000	1
.6409158780000000	1
.4910880860000000	1
.3480526000000000	1
2.1906923930000000	1
.6055438110000000	1
1.4451668870000000	1
.6987998790000000	1
.6733011530000000	1
.4269428550000000	1
.4222855680000000	1
.5879705580000000	1
.6739881110000000	1
.4683255790000000	1
.5001592330000000	1
.4982122570000000	1
.3581693690000000	1
.5750286870000000	1
.2732452320000000	1
.7088737690000000	1
.4355709190000000	1
.4418223230000000	1
.4344471310000000	1
.9087717530000000	1
.7826283680000000	1
.8081342400000000	1
2.3275600000000000	1
5.8273770950000000	1
1.2275428940000000	1
1.1247667890000000	1
3.4451061410000000	1
1.2172161960000000	1
1.9824812390000000	1
1.1325430790000000	1
1.0825367590000000	1
1.2213531280000000	1
2.0341861940000000	1
1.5497970620000000	1
1.6233555780000000	1
2.1657309960000000	1
.9361187430000000	1
1.0597112720000000	1
4.0154136690000000	1
1.0646629060000000	1
1.1929167430000000	1
.9550123120000000	1
2.1199098470000000	1
.9618801020000000	1
2.9632473180000000	1
2.5442540550000000	1
5.7841831790000000	1
1.2004268250000000	1
1.4352796990000000	1
1.9086739350000000	1
4.4128115370000000	1
.9488944580000000	1
1.2307083480000000	1
.9964084350000000	1
.9928231240000000	1
.9410516170000000	1
1.0368871260000000	1
1.2932456160000000	1
1.8834641960000000	1
1.0863936370000000	1
1.7482983500000000	1
1.8423637600000000	1
2.1223325120000000	1
1.0259538680000000	1
1.0107282420000000	1
1.1323425300000000	1
1.4514526830000000	1
1.5902882590000000	1
7.8338683530000000	1
1.6008324780000000	1
1.3660698290000000	1
1.3039519720000000	1
2.4423297250000000	1
2.0195349680000000	1
1.8683990610000000	1
1.0949015730000000	1
2.8494010590000000	1
1.6355263620000000	1
2.1576232900000000	1
.2722441980000000	1
.6760637930000000	1
.6832732140000000	1
.8461567320000000	1
1.0629324710000000	1
1.1512567020000000	1
.9472297710000000	1
1.5509389530000000	1
1.5132088600000000	1
1.1319447790000000	1
.9725929440000000	1
.6560604520000000	1
.6787365620000000	1
1.4052872960000000	1
.8015995530000000	1
1.7705973600000000	1
1.6589386510000000	1
1.4345211220000000	1
3.1499919380000000	1
1.1298013680000000	1
2.3950998430000000	1
1.1812407790000000	1
1.9861407580000000	1
1.8787766310000000	1
.9752325620000000	1
.9616341660000000	1
2.4331954510000000	1
2.2772187900000000	1
1.3437064370000000	1
1.9098512770000000	1
1.4863089230000000	1
1.2965821550000000	1
.9813356490000000	1
.9583249030000000	1
.9842701690000000	1
1.7638260780000000	1
1.2820850900000000	1
1.8346078620000000	1
1.2193261150000000	1
1.4830760380000000	1
1.3867013990000000	1
1.7356819320000000	1
1.3134308560000000	1
1.2672150690000000	1
1.3791886700000000	1
4.9726053400000000	1
4.9432512070000000	1
1.5465657410000000	1
1.0869488900000000	1
1.1198409730000000	1
1.3158923690000000	1
1.0747610290000000	1
1.5734507680000000	1
1.1116109170000000	1
.9594142930000000	1
3.0481207680000000	1
1.8428035250000000	1
1.3560738530000000	1
1.2583172650000000	1
2.0575505380000000	1
2.1406160720000000	1
1.6831627820000000	1
1.7188940750000000	1
4.6405541060000000	1
1.2189458070000000	1
2.8281263270000000	1
2.5316700800000000	1
2.2814067870000000	1
1.5312315230000000	1
2.1951746470000000	1
2.9145293370000000	1
1.9518586960000000	1
2.1734424660000000	1
1.9490169670000000	1
1.5625118130000000	1
1.4844323800000000	1
1.6832301640000000	1
.9694741130000000	1
3.3902485050000000	1
1.1875915090000000	1
1.6251580040000000	1
2.2187140590000000	1
1.1563151050000000	1
1.6094098530000000	1
.9937859340000000	1
1.7275422630000000	1
1.6093760210000000	1
1.0782167750000000	1
1.3592201800000000	1
1.7187775370000000	1
2.5151676910000000	1
1.6312402090000000	1
2.7985352700000000	1
1.9225766750000000	1
2.7812058240000000	1
3.4528870850000000	1
2.1406213420000000	1
1.4843501710000000	1
1.6874708320000000	1
1.3593232010000000	1
4.2656256730000000	1
1.7187768180000000	1
1.3906782020000000	1
1.8594486630000000	1
2.0845975020000000	1
2.3973398440000000	1
1.3456960080000000	1
1.1403218880000000	1
2.7904953090000000	1
2.9308921750000000	1
.9531368610000000	1
.9621716910000000	1
2.1562822650000000	1
1.2656418800000000	1
1.3825774090000000	1
3.6719024080000000	1
1.8199523010000000	1
1.0541430230000000	1
2.3562094240000000	1
2.3482457470000000	1
3.5361335620000000	1
2.3541868700000000	1
1.0469295280000000	1
.8594150520000000	1
1.3125380010000000	1
1.6406647080000000	1
.9687850750000000	1
.7343666830000000	1
1.1717567400000000	1
1.4844367700000000	1
.9376195140000000	1
1.3750916520000000	1
.9063343860000000	1
1.7969539900000000	1
.7969872130000000	1
2.0621935630000000	1
.8905717130000000	1
.7500100260000000	1
1.0000458630000000	1
.7677419210000000	1
.8907634060000000	1
.8374535680000000	1
.9844554080000000	1
.6094117300000000	1
1.1406482340000000	1
.7967051510000000	1
1.1094767050000000	1
.7194889020000000	1
2.2185236370000000	1
2.1372374480000000	1
1.1194218910000000	1
2.0937948600000000	1
1.7407116750000000	1
1.6034023170000000	1
.9325092930000000	1
1.3252255810000000	1
.9600462020000000	1
1.6897510640000000	1
1.1862636150000000	1
3.3406841620000000	1
1.3490619890000000	1
1.6493077360000000	1
1.1705209640000000	1
1.1793271300000000	1
.9480152180000000	1
1.3646648380000000	1
.9607389570000000	1
1.3670017140000000	1
.7165992370000000	1
2.2314238920000000	1
2.5510838790000000	1
2.5770198810000000	1
1.3030412390000000	1
.9258983490000000	1
.8580467620000000	1
1.0299058850000000	1
2.2688103800000000	1
3.3006619000000000	1
1.4348866410000000	1
.8063543140000000	1
1.5660044390000000	1
1.1900161560000000	1
1.8637050070000000	1
1.9069507340000000	1
1.3823955710000000	1
1.5200269600000000	1
1.1831175460000000	1
1.3688332930000000	1
.9832302820000000	1
1.2942264740000000	1
1.2979158560000000	1
1.1772985050000000	1
1.1487986950000000	1
1.0189775410000000	1
1.2159588580000000	1
1.1479714870000000	1
1.3721470380000000	1
.9260720980000000	1
1.2085443600000000	1
1.1169083150000000	1
1.5345223030000000	1
1.1732513510000000	1
1.0288951010000000	1
1.0972134440000000	1
.7641680550000000	1
.7920889990000000	1
.7988960440000000	1
.8296662090000000	1
.8530701160000000	1
.8783012940000000	1
.8865613120000000	1
.8934925280000000	1
.9178366460000000	1
.9221218680000000	1
.9291589410000000	1
.9440915610000000	1
.9950510460000000	1
1.0374517000000000	1
1.0785324830000000	1
1.0805268050000000	1
1.0842612990000000	1
1.0976761800000000	1
1.1314170580000000	1
1.1463925570000000	1
1.1925585240000000	1
1.2378852240000000	1
1.2556139140000000	1
1.2836228490000000	1
1.2949924890000000	1
1.3511233630000000	1
1.4472523260000000	1
1.5759474590000000	1
1.5843383480000000	1
1.6710312450000000	1
1.7487722530000000	1
1.7734361770000000	1
1.8692167480000000	1
1.9675325400000000	1
2.0927294600000000	1
2.1137705530000000	1
2.1507818500000000	1
2.2509785130000000	1
2.3919383860000000	1
2.8042545820000000	1
4.0619360680000000	1
1.4842654090000000	1
1.1088095400000000	1
1.2635237530000000	1
1.2023054620000000	1
.9125317070000000	1
2.1012244190000000	1
1.0772595120000000	1
1.2156336920000000	1
1.1875148790000000	1
1.0488959320000000	1
1.4964720840000000	1
1.1261000590000000	1
1.1649837390000000	1
1.0855172970000000	1
1.9400707590000000	1
1.2047978050000000	1
1.1016755420000000	1
.7429902850000000	1
.5682185150000000	1
1.4533246210000000	1
1.2548983700000000	1
.2967246230000000	1
3.9608621720000000	1
1.7880928170000000	1
3.4917219290000000	1
1.8292480080000000	1
1.7434505940000000	1
2.3969565860000000	1
1.5240338080000000	1
1.2984272850000000	1
1.0201601970000000	1
1.7516735030000000	1
1.5559736240000000	1
1.4775174230000000	1
1.1491808130000000	1
1.1059325990000000	1
.8345154040000000	1
.8905705430000000	1
1.4581625440000000	1
1.9067756150000000	1
.7934450770000000	1
.6831772500000000	1
1.0540697470000000	1
1.2472344270000000	1
1.1188636930000000	1
1.2397967360000000	1
9.8311319970000000	1
1.1904494550000000	1
2.3235627660000000	1
1.0191847040000000	1
1.5765393840000000	1
1.9554725670000000	1
.6743379580000000	1
.9247458650000000	1
.9675094590000000	1
.5982494720000000	1
1.0957488770000000	1
1.5300028990000000	1
2.8497418560000000	1
3.5054168020000000	1
1.2501233880000000	1
1.4094852440000000	1
1.1312512090000000	1
1.2505159980000000	1
1.2317042500000000	1
1.5499268160000000	1
1.3009781290000000	1
1.2539293310000000	1
1.2013826640000000	1
1.0988526790000000	1
1.4443193810000000	1
1.3418903400000000	1
1.0133866820000000	1
5.7760380590000000	1
.8633384650000000	1
1.2453794710000000	1
1.8125851160000000	1
3.6051422440000000	1
2.2316756650000000	1
2.6674072200000000	1
2.4911569110000000	1
3.2426356720000000	1
2.6264494500000000	1
2.0888413650000000	1
1.5370327940000000	1
1.6757132070000000	1
1.1460752250000000	1
1.4913060940000000	1
1.3919996140000000	1
1.2126879350000000	1
4.2044440340000000	1
.8076138510000000	1
.8903302430000000	1
.8473518080000000	1
.6215027510000000	1
.8690543030000000	1
.7084905000000000	1
1.2629392460000000	1
.7261123600000000	1
1.0753662460000000	1
.6034565700000000	1
1.2900382200000000	1
.9791269420000000	1
.8217821780000000	1
.8838903780000000	1
.8251874720000000	1
1.0628938660000000	1
1.1631280460000000	1
.6797621300000000	1
1.0757204430000000	1
.7300442590000000	1
1.5123766280000000	1
1.1997568400000000	1
.5373840310000000	1
.6523007050000000	1
2.1079193530000000	1
.5168159470000000	1
.6375878410000000	1
.7594888820000000	1
.7361028420000000	1
2.7537270130000000	1
.6299964670000000	1
.7552103600000000	1
.6904974280000000	1
.8207898050000000	1
1.2642589500000000	1
.6785913530000000	1
.6967363260000000	1
.4851180760000000	1
.4161878140000000	1
2.1416477250000000	1
2.0976810940000000	1
1.6360598290000000	1
1.9103569370000000	1
1.3081737690000000	1
2.2441643210000000	1
.9026476460000000	1
.6889761160000000	1
1.1510601170000000	1
.8358845610000000	1
.7266176450000000	1
.8152767240000000	1
.7285315680000000	1
3.0054822620000000	1
4.2353321360000000	1
.8873250950000000	1
3.9101510280000000	1
1.6437762660000000	1
.9039876150000000	1
2.9763598120000000	1
2.9768582810000000	1
1.0544836050000000	1
1.6679890680000000	1
.8087742990000000	1
1.2906183830000000	1
1.1285892760000000	1
1.8192332070000000	1
.9539363170000000	1
1.5356072320000000	1
1.5274096230000000	1
1.5544134600000000	1
1.1017286870000000	1
1.4538438420000000	1
6.1337685530000000	1
1.2713832490000000	1
2.8643380780000000	1
1.1680046200000000	1
1.2708995220000000	1
2.4163203980000000	1
1.0966783650000000	1
3.6776749130000000	1
1.5321469340000000	1
1.5181796580000000	1
3.9684471140000000	1
1.1372398470000000	1
.8004976600000000	1
1.0477922850000000	1
1.2315429710000000	1
1.7913314540000000	1
.7561119950000000	1
1.7620314840000000	1
2.4753501310000000	1
.9264876660000000	1
.9084862230000000	1
.7921658010000000	1
4.0685151840000000	1
.8315360030000000	1
.8290387680000000	1
.8653900440000000	1
.2727560620000000	1
1.1396352460000000	1
1.2839080860000000	1
2.2942306760000000	1
1.2950869100000000	1
1.2292297560000000	1
1.1998002570000000	1
1.0733193800000000	1
2.2955089960000000	1
2.7326220840000000	1
1.6821610490000000	1
.8374027860000000	1
1.0316636560000000	1
1.3229330250000000	1
1.1847471680000000	1
1.8367426330000000	1
.7263251740000000	1
1.2100621030000000	1
.6255656860000000	1
1.0544206110000000	1
.7983336280000000	1
1.0353020890000000	1
.6391984190000000	1
.9583509760000000	1
1.0338259020000000	1
1.2405247100000000	1
.7760769240000000	1
1.2343037310000000	1
2.2326939950000000	1
2.7106273420000000	1
2.8875863890000000	1
2.3625372230000000	1
1.5244823590000000	1
2.6277698840000000	1
1.0525531550000000	1
1.7383749830000000	1
1.0733749410000000	1
3.6344831310000000	1
1.4398454210000000	1
3.3965831670000000	1
1.7510651590000000	1
1.1246755610000000	1
1.0603005900000000	1
3.3556941970000000	1
3.2009842480000000	1
.9280126960000000	1
3.3537843030000000	1
1.1948811610000000	1
4.3232166090000000	1
1.0459808470000000	1
3.4227884010000000	1
1.1392807170000000	1
.8877057010000000	1
1.3577340680000000	1
2.0227838460000000	1
3.9427969590000000	1
2.2813699970000000	1
2.0491913990000000	1
2.9498956390000000	1
1.1301917440000000	1
1.2334917620000000	1
2.7333722820000000	1
2.6253792650000000	1
1.4007987080000000	1
4.2295084970000000	1
1.2343122660000000	1
1.1870035160000000	1
1.2142753460000000	1
1.5239199110000000	1
1.9934551720000000	1
2.2505593230000000	1
1.0507850620000000	1
1.5556243400000000	1
4.9422699070000000	1
.8692441310000000	1
1.6483261400000000	1
2.3052057130000000	1
1.5364432100000000	1
1.1633866590000000	1
1.1408154210000000	1
2.4515368710000000	1
1.5023942910000000	1
1.6559809050000000	1
.7860118530000000	1
3.1042536250000000	1
1.0565495850000000	1
1.7257787090000000	1
1.2032469990000000	1
1.3814706280000000	1
1.0887332740000000	1
.9052239370000000	1
2.6726835490000000	1
1.9707244780000000	1
.9423047460000000	1
1.2786127980000000	1
.8925648550000000	1
1.4252499140000000	1
1.2708905890000000	1
1.8125305930000000	2
1.4687588200000000	2
2.1875473650000000	2
1.5469345400000000	2
2.2500670250000000	2
2.5312202630000000	2
1.2969239870000000	2
2.3437898990000000	2
2.2423272790000000	2
2.6966897260000000	2
1.5045534550000000	2
3.2937685600000000	2
1.5307807270000000	2
1.2500781460000000	2
1.3124931340000000	2
1.7344052930000000	2
1.7917828260000000	2
2.4843912080000000	2
1.9784699790000000	2
1.1028569280000000	2
1.1015362930000000	2
1.3123468570000000	2
1.4613433240000000	2
1.0625285280000000	2
3.1117876270000000	2
3.1007588990000000	2
4.5669950570000000	2
1.9189757760000000	2
1.9266653100000000	2
1.9203747190000000	2
2.2132635190000000	2
2.8118910310000000	2
3.2503708850000000	2
2.1567259850000000	2
2.8094977960000000	2
1.3282012040000000	2
1.3438000870000000	2
1.2193818140000000	2
.9688586360000000	2
1.0779701400000000	2
1.2811911810000000	2
1.2968905010000000	2
1.7031113200000000	2
1.0156823890000000	2
1.2343028220000000	2
1.4960889280000000	2
1.2657715280000000	2
1.7656689820000000	2
1.4062799670000000	2
2.1717707040000000	2
.7813458520000000	2
1.3492803470000000	2
1.0312904710000000	2
1.0312740940000000	2
1.9843777360000000	2
.8906417590000000	2
1.1163597200000000	2
.8349447390000000	2
1.7753288030000000	2
2.1563302550000000	2
1.0000286140000000	2
1.1872949890000000	2
1.0467041720000000	2
1.0707290360000000	2
1.7656971440000000	2
1.1875149690000000	2
1.1250419810000000	2
3.1481395090000000	2
.9291791050000000	2
2.3622976260000000	2
1.1250337010000000	2
.9843757120000000	2
2.8593184720000000	2
1.4062593730000000	2
.7656396520000000	2
1.4219325610000000	2
2.1405854860000000	2
.7032026860000000	2
.8750581470000000	2
.7500395880000000	2
.6511287340000000	2
.7812470940000000	2
.6096157140000000	2
1.0157638540000000	2
.7813011550000000	2
1.0234142880000000	2
1.4999375050000000	2
.6875393960000000	2
.6406765130000000	2
.7664449230000000	2
1.3750393550000000	2
1.0313917650000000	2
.8445281440000000	2
1.1872323240000000	2
.7027391220000000	2
2.2117841620000000	2
3.1063539220000000	2
2.5914716340000000	2
2.2211319100000000	2
1.4482398840000000	2
1.5288817740000000	2
1.1354923830000000	2
.9901781510000000	2
1.0632314460000000	2
1.9190499200000000	2
2.2418457210000000	2
1.0049350440000000	2
.9610118600000000	2
.9376489020000000	2
2.0397170740000000	2
.9185831700000000	2
1.1289368910000000	2
1.2775090150000000	2
2.3288293980000000	2
.9854072860000000	2
.9409403990000000	2
.8806944790000000	2
.8626169510000000	2
.9807683120000000	2
.9468612780000000	2
2.0957510910000000	2
.7559223300000000	2
.8044019780000000	2
.8160226400000000	2
.8769867840000000	2
.9122007350000000	2
.9280168410000000	2
.9506520510000000	2
.9605084200000000	2
.9736637940000000	2
1.0237277330000000	2
1.0643672200000000	2
1.0833934460000000	2
1.1118552900000000	2
1.2185860910000000	2
1.2257209820000000	2
1.3064188560000000	2
1.3564524220000000	2
1.3706882570000000	2
1.3709924310000000	2
1.4422091270000000	2
1.5263944950000000	2
1.5307480560000000	2
1.8336798640000000	2
2.0117140130000000	2
2.9056875900000000	2
3.0060999880000000	2
3.1869650450000000	2
1.3275332010000000	2
1.5057067070000000	2
1.4111070960000000	2
1.6006810620000000	2
.7537904390000000	2
.7282573210000000	2
2.9605392390000000	2
.7419397490000000	2
1.4582244420000000	2
.9000481050000000	2
1.4880669020000000	2
2.3406894680000000	2
1.0656209840000000	2
1.2420614630000000	2
1.2133905830000000	2
1.5995197550000000	2
.9123869900000000	2
1.7120888020000000	2
.7323616470000000	2
1.1583415110000000	2
.8895221980000000	2
1.0253986740000000	2
3.5675525500000000	2
2.7511788380000000	2
1.0311516100000000	2
1.2661380340000000	2
1.0663150880000000	2
2.7757159120000000	2
1.7997728310000000	2
1.1439667650000000	2
2.2442031800000000	2
1.1400576280000000	2
1.0509943240000000	2
1.1082878450000000	2
1.5075402310000000	2
1.0622527480000000	2
.7519578070000000	2
.8631649990000000	2
.3051088120000000	2
.3001460120000000	2
.3216158960000000	2
.4583195800000000	2
.3834590600000000	2
.5846590470000000	2
.3892142290000000	2
.2711892720000000	2
.5856358850000000	2
.6249246830000000	2
.6320073140000000	2
.2897022900000000	2
.6445811410000000	2
.5036485140000000	2
1.2628756550000000	2
.5871183380000000	2
.3608229560000000	2
.5639605390000000	2
.4986343480000000	2
.6647021230000000	2
.5255154750000000	2
.3628034310000000	2
.5568604870000000	2
.3324549090000000	2
1.0835091300000000	2
.0179600570000000	2
3.2136795700000000	2
3.6076140640000000	2
2.4747467120000000	2
2.0910464580000000	2
3.6500500030000000	2
2.9566622610000000	2
11.7831250500000000	2
4.7558048590000000	2
1.9297547810000000	2
3.6291116400000000	2
3.3185897980000000	2
3.2019213380000000	2
1.6270784600000000	2
2.0684282200000000	2
2.0518795970000000	2
3.0980361850000000	2
5.5366077420000000	2
2.7893978940000000	2
3.6126465420000000	2
2.5569185530000000	2
2.3698209850000000	2
4.2076586060000000	2
2.1645738670000000	2
1.8656539220000000	2
3.6966045770000000	2
1.5517464860000000	2
2.0723227420000000	2
1.8756487100000000	2
6.5288817960000000	2
1.6717616540000000	2
2.3235989450000000	2
4.3495446580000000	2
2.0563275980000000	2
1.3455926590000000	2
1.8727780610000000	2
3.0481247880000000	2
1.3990187890000000	2
1.2068515010000000	2
1.4398273770000000	2
1.4457736880000000	2
1.3100407480000000	2
1.4440848880000000	2
4.3255441260000000	2
1.6406682490000000	2
2.1014848140000000	2
1.0681746620000000	2
.7985588250000000	2
1.5871201820000000	2
1.0353732490000000	2
.7771739010000000	2
.9030040640000000	2
1.2330084820000000	2
.9943136420000000	2
1.3418443350000000	2
1.1546742170000000	2
1.1170355360000000	2
.9040407490000000	2
.8399435960000000	2
1.0122990780000000	2
.8886995070000000	2
.7165945990000000	2
.7910420760000000	2
.8636002050000000	2
3.0379401720000000	2
.8491804110000000	2
1.1565550790000000	2
.9605854210000000	2
.9883494640000000	2
1.1943371360000000	2
1.3757163780000000	2
.7311595550000000	2
.8472865960000000	2
.9861184250000000	2
.8646141110000000	2
1.1466366690000000	2
1.4181579340000000	2
.8089221020000000	2
1.3772354500000000	2
1.0491471800000000	2
.7266001060000000	2
.7228638410000000	2
.6599905220000000	2
2.2046834400000000	2
.7240876750000000	2
.8092905920000000	2
.6058966430000000	2
3.3829177880000000	2
1.3263708830000000	2
1.0307517150000000	2
.7254111120000000	2
.6927075170000000	2
.9064102510000000	2
.6227122920000000	2
.6733722910000000	2
1.9795695770000000	2
7.0421034390000000	2
.7133563540000000	2
1.2716521350000000	2
.9763179320000000	2
.7011345470000000	2
.6713543060000000	2
.9155514820000000	2
1.4043956160000000	2
1.7486983370000000	2
.7392842000000000	2
1.3018723310000000	2
2.1163521550000000	2
.9960596140000000	2
.9569099010000000	2
2.4195340770000000	2
1.3566352980000000	2
.8173902250000000	2
.8574502190000000	2
2.6147118160000000	2
1.1119240220000000	2
.8624326500000000	2
1.2501935130000000	2
1.0396530920000000	2
.9737720020000000	2
4.6324189870000000	2
3.1139116350000000	2
1.2071279800000000	2
1.2913268180000000	2
9.3578685110000000	2
3.1438124730000000	2
3.2364879200000000	2
1.8395670670000000	2
1.6485601870000000	2
1.1004190960000000	2
3.0205456600000000	2
2.4208057020000000	2
2.5515678240000000	2
1.3049747930000000	2
1.2781241580000000	2
1.3970298370000000	2
1.5325318570000000	2
2.3782194300000000	2
1.3418805140000000	2
12.7046952800000000	2
1.6566039880000000	2
2.1336935160000000	2
2.8235866620000000	2
1.7471136070000000	2
1.0624427440000000	2
1.1555978980000000	2
.9075541330000000	2
1.2252639390000000	2
1.4207681830000000	2
2.4817490280000000	2
1.3417862700000000	2
.9052467160000000	2
1.6886103550000000	2
1.3252015420000000	2
2.8577566240000000	2
1.3162340590000000	2
1.2083772730000000	2
7.8072775200000000	2
1.6532639050000000	2
2.0667824400000000	2
1.3852662980000000	2
1.6615381800000000	2
2.1281639330000000	2
1.3598954290000000	2
1.2507933700000000	2
1.0961450590000000	2
1.9998204450000000	2
.9106959010000000	2
1.2105966990000000	2
.9988802370000000	2
1.9858633850000000	2
1.0235936300000000	2
.7450554230000000	2
.7560632230000000	2
1.3115084550000000	2
1.1405143760000000	2
2.7073140120000000	2
7.5558414140000000	2
1.4421687400000000	2
2.2320932860000000	2
1.6021161600000000	2
1.1678027320000000	2
1.1941549010000000	2
3.2814999730000000	2
.9429751740000000	2
.6994113540000000	2
.9564471670000000	2
1.0216404100000000	2
1.3555825330000000	2
.5719022170000000	2
.5184278480000000	2
1.8607811930000000	2
.6549056060000000	2
.5039115940000000	2
.5830166910000000	2
.6841919780000000	2
1.1136602290000000	2
.5130863650000000	2
.8881983080000000	2
.6593270580000000	2
.5242751100000000	2
.6193392430000000	2
.8030852350000000	2
.5410953000000000	2
.6603749150000000	2
1.7683563530000000	2
.7186720720000000	2
5.8038275780000000	2
1.5435635240000000	2
.5701842500000000	2
.5799061750000000	2
.6428356080000000	2
1.4418754750000000	2
.6529367440000000	2
.6045285610000000	2
2.0565172320000000	2
.6866311690000000	2
1.4808248140000000	2
1.2699645400000000	2
.6248643840000000	2
1.3988897010000000	2
.6668621530000000	2
.6652291770000000	2
.7232605740000000	2
1.7537046810000000	2
1.0903822800000000	2
1.3364109450000000	2
.8698188410000000	2
.7147950940000000	2
.7053031970000000	2
.7715620070000000	2
.9818514540000000	2
.6543133390000000	2
.6008945640000000	2
.6890891200000000	2
.5453934750000000	2
.7356637780000000	2
.8493409810000000	2
.8673957290000000	2
.7114478500000000	2
.9611605390000000	2
.8871982440000000	2
.7656759680000000	2
.8565151770000000	2
.4749718270000000	2
.7301457840000000	2
.5385408720000000	2
.8110794930000000	2
.5696536220000000	2
.9568190380000000	2
.7177403470000000	2
.9206483490000000	2
.4866858400000000	2
1.3650733390000000	2
3.6885455390000000	2
.4856558500000000	2
.6261561140000000	2
1.3860871860000000	2
.9021036180000000	2
1.4828088620000000	2
1.5978090610000000	2
.7790881690000000	2
2.2164198070000000	2
.6500343700000000	2
.5569587520000000	2
.5881523470000000	2
.7218652200000000	2
4.0924592330000000	2
7.4054443850000000	2
1.1819410530000000	2
2.2089539440000000	2
2.4000854010000000	2
2.4998139680000000	2
5.8774718530000000	2
3.1358224310000000	2
1.0598028370000000	2
2.0407029120000000	2
2.9928767220000000	2
4.0830629200000000	2
3.4543724770000000	2
1.3729684390000000	2
1.6173623420000000	2
1.2606624720000000	2
1.2810322410000000	2
1.5158292830000000	2
1.7706874530000000	2
1.1445813650000000	2
.8279765080000000	2
1.5589021540000000	2
1.3033940980000000	2
3.0204327480000000	2
1.1882402490000000	2
1.1705825790000000	2
.9431763620000000	2
1.0289804130000000	2
1.0020063810000000	2
1.0111226400000000	2
1.0424940050000000	2
.9441335470000000	2
1.2306547490000000	2
2.3769427880000000	2
1.2533529390000000	2
1.0669529140000000	2
.9703844420000000	2
3.5443536590000000	2
1.0899999870000000	2
1.0116849280000000	2
2.1410150760000000	2
2.4820540930000000	2
4.6728715910000000	2
2.1691882550000000	2
1.2600752970000000	2
3.6629326350000000	2
1.3183159160000000	2
1.5150078140000000	2
2.3529986370000000	2
3.0945031570000000	2
1.0380902480000000	2
1.3391041090000000	2
4.1771449580000000	2
1.1292542170000000	2
2.2793162790000000	2
1.6979449870000000	2
1.9060364010000000	2
.9160079630000000	2
1.0267001120000000	2
3.7139307520000000	2
1.0675533650000000	2
2.2289756380000000	2
1.4579919220000000	2
1.1702687120000000	2
3.3965478970000000	2
.9445880440000000	2
.9588096880000000	2
.8417857890000000	2
1.1640390090000000	2
.9604855290000000	2
1.0116437890000000	2
2.6884588520000000	2
.8345031170000000	2
1.4177337200000000	2
1.4033206840000000	2
1.3428054970000000	2
1.1244526270000000	2
.8163113990000000	2
.9048223300000000	2
.8335111010000000	2
.8346295190000000	2
.7375236500000000	2
.8264111100000000	2
.9933971330000000	2
3.1620045060000000	2
1.1558536520000000	2
6.5974636380000000	2
.7658959230000000	2
1.5576936820000000	2
.7112828040000000	2
1.4853993700000000	2
1.2998687730000000	2
5.2413970220000000	2
2.3101154330000000	2
2.0257941930000000	2
1.0779601010000000	2
1.2748455030000000	2
.7661174630000000	2
.8827581340000000	2
.7746034170000000	2
.6498091010000000	2
1.6931442380000000	2
.7529559480000000	2
1.2323612380000000	2
.9552753260000000	2
.8030989660000000	2
2.2691252220000000	2
.8072617690000000	2
1.0261617880000000	2
.7929554830000000	2
.5853365710000000	2
1.2768679460000000	2
2.1394833840000000	2
.9177381860000000	2
.7142074860000000	2
1.9488082410000000	2
.7203074220000000	2
3.1611442800000000	2
.8300753460000000	2
1.0296356580000000	2
.7325161900000000	2
1.8669191470000000	2
.7352180150000000	2
1.9563290550000000	2
1.5761047890000000	2
3.3350248140000000	2
.8047950150000000	2
1.2146737610000000	2
1.3600066460000000	2
.8935425820000000	2
1.2658974380000000	2
.9655839320000000	2
1.2144642800000000	2
.8021950390000000	2
1.0911501220000000	2
1.3889230580000000	2
.8463370090000000	2
1.6654432800000000	2
1.8003173030000000	2
1.3593889400000000	2
1.4060222640000000	2
1.3907103080000000	2
2.0938494900000000	2
1.5269755620000000	2
1.8697387760000000	2
1.2969152820000000	2
3.0937914530000000	2
1.6486576770000000	2
3.1266048830000000	2
4.0500989280000000	2
5.6937446710000000	2
1.9379781050000000	2
1.5035015200000000	2
1.9511420530000000	2
1.0880168240000000	2
1.0624824080000000	2
2.0742065840000000	2
2.3747927880000000	2
1.4814884320000000	2
1.3327265830000000	2
1.7056931570000000	2
1.0782179600000000	2
.8750515480000000	2
.7500192990000000	2
.8280947970000000	2
.8707726800000000	2
.8125283550000000	2
1.8125847340000000	2
1.0310922010000000	2
.6950088970000000	2
1.4298766370000000	2
1.4138809680000000	2
.8125750350000000	2
.7187869160000000	2
1.0031989120000000	2
1.5842034830000000	2
.7412257700000000	2
1.3478850640000000	2
.7604308570000000	2
1.1905910020000000	2
1.1949034710000000	2
.8293691830000000	2
.9762602080000000	2
.9675664860000000	2
1.1269129740000000	2
1.5475325130000000	2
.8683917730000000	2
.7895859360000000	2
.8039401360000000	2
1.7427249710000000	2
2.4012560870000000	2
1.6710267780000000	2
1.0940712160000000	2
1.0157307950000000	2
2.2148725890000000	2
1.3250287980000000	2
1.0571126250000000	2
1.3369308540000000	2
1.1242495610000000	2
.7231194310000000	2
.8347174470000000	2
.8582790240000000	2
.8791043820000000	2
.8842087730000000	2
.8893055700000000	2
.9003518310000000	2
.9180095020000000	2
.9242381270000000	2
.9470975590000000	2
.9508356270000000	2
.9557868140000000	2
.9664297450000000	2
1.0028246560000000	2
1.0563635820000000	2
1.0564113740000000	2
1.0679891570000000	2
1.1533755840000000	2
1.1900246420000000	2
1.2661755530000000	2
1.3330784410000000	2
1.3928812780000000	2
1.4541723750000000	2
2.0169608870000000	2
2.4786134170000000	2
1.0324259210000000	2
1.7704167800000000	2
1.3450608950000000	2
1.1177038100000000	2
1.4529123570000000	2
1.2082785990000000	2
1.0131026680000000	2
1.1229868630000000	2
1.3477185010000000	2
1.4453790480000000	2
1.7176353830000000	2
.9932537000000000	2
4.0107532550000000	2
1.0883723260000000	2
.8811299690000000	2
.5590517840000000	2
.7674282010000000	2
.9941876590000000	2
.9631338670000000	2
.8734809770000000	2
1.0935763200000000	2
1.0434377900000000	2
1.0379215820000000	2
1.0281616910000000	2
1.1987063040000000	2
1.0365034480000000	2
1.2893981170000000	2
.7788393810000000	2
1.0949832880000000	2
.8115466950000000	2
.7708696890000000	2
1.6957621680000000	2
1.6179108360000000	2
.9703362030000000	2
.9832892410000000	2
.8912811310000000	2
1.2577565250000000	2
.9757389600000000	2
.8176297100000000	2
.7090850380000000	2
1.5533368140000000	2
1.2830095890000000	2
.9422365970000000	2
1.3714408740000000	2
.9641647500000000	2
.9149235530000000	2
.8130367420000000	2
.6808425010000000	2
.8182277830000000	2
.8621761010000000	2
.8532733440000000	2
1.0263790850000000	2
.9881470770000000	2
1.4364057200000000	2
.9197733490000000	2
.9545674420000000	2
2.6836274050000000	2
.7701358330000000	2
.7741526140000000	2
.8964194680000000	2
.8928618490000000	2
.7407735290000000	2
.6925444550000000	2
1.1835512500000000	2
.5362146850000000	2
1.1098261300000000	2
.7119177330000000	2
.5928141010000000	2
.6041975880000000	2
.5231548960000000	2
.5063775850000000	2
.3438750220000000	2
1.8499363740000000	2
.5873112930000000	2
.5544798080000000	2
.9250840940000000	2
.6655212910000000	2
1.5054583660000000	2
.6024359750000000	2
.5552127720000000	2
.4850626900000000	2
.5071695070000000	2
.5003285160000000	2
3.9547000990000000	2
.5821425840000000	2
.7926115870000000	2
2.1827754070000000	2
.5658668690000000	2
.5622730710000000	2
.4753148590000000	2
.3229549720000000	2
.3745071700000000	2
.5577113680000000	2
.4906744830000000	2
.3538778940000000	2
.5954641140000000	2
.4455938900000000	2
4.4776026340000000	2
2.9828430310000000	2
1.7441614180000000	2
3.3426904890000000	2
2.9747022700000000	2
2.7823411680000000	2
2.9940925210000000	2
3.7015191230000000	2
1.2610912620000000	2
1.6059846610000000	2
2.7709483010000000	2
2.4060089590000000	2
1.3409864940000000	2
1.3256215110000000	2
2.6330645500000000	2
1.5351261830000000	2
3.9946177890000000	2
6.7250516670000000	2
3.0771072020000000	2
1.8449659800000000	2
1.3251873610000000	2
1.8402274020000000	2
2.0960195310000000	2
2.0272263930000000	2
3.2750979630000000	2
1.2534060910000000	2
5.6160844570000000	2
3.5887321080000000	2
7.4777692370000000	2
2.3979633360000000	2
1.5321536840000000	2
1.1336758000000000	2
1.5574107680000000	2
1.1522852960000000	2
1.2019628770000000	2
1.4458042650000000	2
1.7140572180000000	2
1.3788960170000000	2
2.2085814320000000	2
3.9103913290000000	2
8.4629496210000000	2
1.5373764380000000	2
1.3791188990000000	2
1.2545548910000000	2
1.2304126610000000	2
2.5152718550000000	2
1.2511486890000000	2
2.1015652180000000	2
2.2702437000000000	2
1.7588516870000000	2
2.2489629800000000	2
2.4273804560000000	2
1.2584016830000000	2
1.7641150640000000	2
1.9906309750000000	2
1.6438095700000000	2
1.0590124380000000	2
1.1690739110000000	2
1.0933775880000000	2
.8668607830000000	2
.7507752810000000	2
1.2572899600000000	2
1.4167594590000000	2
1.5263367590000000	2
.9392884880000000	2
.7319175280000000	2
.7011202540000000	2
1.3810471990000000	2
.6635619710000000	2
.6829311430000000	2
.7626084980000000	2
1.0910683840000000	2
.5254684620000000	2
.5960045860000000	2
.6127438570000000	2
.6149427370000000	2
.8831257060000000	2
.7681421000000000	2
1.1014169220000000	2
2.9939402390000000	2
2.0399081320000000	2
1.3980339160000000	2
1.0877198150000000	2
1.0903841090000000	2
1.3857705710000000	2
1.1422791080000000	2
1.0461956870000000	2
1.3873798670000000	2
.8302998790000000	2
.8030378760000000	2
1.4560387020000000	2
.9055946600000000	2
.9631429650000000	2
1.3751531470000000	2
9.2345905320000000	2
.9126442080000000	2
1.2353632440000000	2
.8411022180000000	2
.8716533850000000	2
.8482022380000000	2
.7359485850000000	2
1.0942838500000000	2
.8052501560000000	2
2.4335514350000000	2
2.8977393480000000	2
2.2193940060000000	2
1.4067217930000000	2
2.9594719110000000	2
1.4378638840000000	2
1.2204257780000000	2
1.2156380880000000	2
1.1468760760000000	2
1.6345446160000000	2
2.8038454270000000	2
3.5455062760000000	2
.9542496270000000	2
.8602319830000000	2
2.1233333650000000	2
1.2183935000000000	2
1.0376855790000000	2
1.3496429220000000	2
1.8114501670000000	2
1.1979778160000000	2
1.0091255980000000	2
.8177609480000000	2
1.0532577420000000	2
1.8241650800000000	2
5.4943571900000000	2
.9558080050000000	2
1.0522156970000000	2
2.2873752660000000	2
1.0390934340000000	2
2.1190780870000000	2
1.2272359190000000	2
.9606220470000000	2
1.5485837260000000	2
1.2264636530000000	2
1.6662887970000000	2
2.1580817440000000	2
1.4050133390000000	2
1.4987924700000000	2
.9814343590000000	2
1.4124438830000000	2
1.2748162350000000	2
2.1277601570000000	2
1.3191190010000000	2
4.0210512730000000	2
3.0794794870000000	2
1.9552559400000000	2
5.9641756300000000	2
1.5303030510000000	2
.9942301170000000	2
1.0400988540000000	2
1.0378651340000000	2
.8178632320000000	2
.6469817100000000	2
1.0769192630000000	2
1.7321448750000000	2
.9415541060000000	2
.8122497330000000	2
.6908918260000000	2
.6413629810000000	2
1.3342276890000000	2
.7238948270000000	2
.7233896580000000	2
.7772573240000000	2
.4821857760000000	2
.7508742180000000	2
1.3758489260000000	2
.8730316410000000	2
1.4142622780000000	2
.4719801220000000	2
2.0110208020000000	2
.6073344570000000	2
1.2815700150000000	2
.9021362240000000	2
.9481132560000000	2
.6149495030000000	2
5.5251943290000000	2
4.4143243630000000	2
2.3972674450000000	2
.6874186250000000	2
.8920279410000000	2
.6963044090000000	2
.5573089300000000	2
.5639422260000000	2
1.4746841800000000	2
1.3017097560000000	2
2.9172269600000000	2
1.0923113890000000	2
.8729222100000000	2
.9472565690000000	2
1.5581977770000000	2
1.1284490260000000	2
.9656941020000000	2
.7361676070000000	2
.8938887120000000	2
.8284070850000000	2
.9859548870000000	2
1.1318775610000000	2
2.3406881280000000	2
1.9123597440000000	2
.7050155500000000	2
1.1476914340000000	2
1.3813369950000000	2
.9614611380000000	2
.8384229100000000	2
.7308899140000000	2
.7084391720000000	2
.9396522420000000	2
.6871595640000000	2
.6897720580000000	2
.6409493770000000	2
1.4305924850000000	2
1.7818150070000000	2
3.4726233070000000	2
1.1117038740000000	2
2.1044555320000000	2
1.3079343610000000	2
2.0699919650000000	2
1.6370049540000000	2
.8523380460000000	2
1.8713280930000000	2
.8143918970000000	2
7.0431072640000000	2
1.5923299250000000	2
1.9115137770000000	2
1.5140319370000000	2
1.4133854910000000	2
1.9348944570000000	2
4.2053110140000000	2
1.5417648380000000	2
.9994778590000000	2
5.6123084230000000	2
1.1693663330000000	2
1.4512235480000000	2
1.5388486180000000	2
1.1386135870000000	2
1.9675539800000000	2
1.3479351290000000	2
1.3815370970000000	2
1.0264112450000000	2
1.3842451750000000	2
.7642176340000000	2
1.0968386990000000	2
1.7300993320000000	2
.8264373290000000	2
1.5478201600000000	2
.8905923870000000	2
4.3356252770000000	2
.9839681590000000	2
1.2240665660000000	2
1.1491678600000000	2
1.8759765540000000	2
1.8921936850000000	2
1.9594562790000000	2
.8749586290000000	2
1.1344416620000000	2
1.0796742280000000	2
1.1164723050000000	2
1.9149836790000000	2
.6807639190000000	2
.6678404700000000	2
1.2969950100000000	2
1.5079664970000000	2
.7862757920000000	2
1.1150907870000000	2
2.1138852710000000	2
.8207386210000000	2
1.3347621750000000	2
.8111297810000000	2
1.3934559130000000	2
.8668211190000000	2
.8092788520000000	2
.8662596770000000	2
1.1987072980000000	2
.6802136430000000	2
.8360391550000000	2
2.8469638340000000	2
2.1984589590000000	2
1.4840196600000000	2
.9075183260000000	2
.9064816450000000	2
.6216641740000000	2
.7059327980000000	2
.6238983310000000	2
2.0660018690000000	2
.7700377330000000	2
.8013208410000000	2
1.1500440400000000	2
.8749890570000000	2
2.9189635600000000	2
1.1786264150000000	2
1.1160033890000000	2
.9517843260000000	2
.9690065060000000	2
1.8137996310000000	2
1.3043200170000000	2
1.2498819710000000	2
1.4357844200000000	2
.9435997920000000	2
.9922978560000000	2
.7485864440000000	2
1.2076836530000000	2
.8568698220000000	2
1.0094985970000000	2
1.2966044730000000	2
1.4443405720000000	2
1.0054907480000000	2
.8558041000000000	2
1.3454981720000000	2
1.2020839210000000	2
2.1410389320000000	2
.7887176360000000	2
1.0679145650000000	2
.9050551240000000	2
.8729664290000000	2
1.0499406620000000	2
1.1144579580000000	2
.7838267470000000	2
.9981789820000000	2
1.0522699750000000	2
1.5965155430000000	2
.6728446700000000	2
.6874713300000000	2
.8275754100000000	2
.6732998130000000	2
.8835396810000000	2
.9173578300000000	2
.7667001510000000	2
.8583594220000000	2
.9813069790000000	2
.9806164480000000	2
.9118755690000000	2
.5540845170000000	2
.7798171120000000	2
.9453524720000000	2
1.4919519200000000	2
1.0456295330000000	2
.6867642730000000	2
1.1134060820000000	2
.8726555560000000	2
.5860812010000000	2
.9374533520000000	2
.7163052400000000	2
.6914251330000000	2
.7447898640000000	2
.9640245000000000	2
1.8626419640000000	2
.7688271290000000	2
.8816900770000000	2
.7478985930000000	2
.6209159410000000	2
.8069367540000000	2
1.2723880980000000	2
.6485867570000000	2
.7899865870000000	2
.5015126020000000	2
.6448089360000000	2
.8273163490000000	2
.9443131030000000	2
.9053807370000000	2
.6868317180000000	2
.8082986100000000	2
1.0648956140000000	2
.7810132580000000	2
1.3835090850000000	2
1.2812327900000000	2
.6468081700000000	2
.7316081380000000	2
2.5440316200000000	2
.9901570310000000	2
.7409106520000000	2
.6664847290000000	2
.5685762870000000	2
1.3241645180000000	2
.9870349020000000	2
.6504100080000000	2
1.2278363470000000	2
.9378931400000000	2
1.0301871440000000	2
.7576542060000000	2
2.0049967240000000	2
.8863871770000000	2
2.1452466810000000	2
1.0855053020000000	2
1.4357744340000000	2
.9502811020000000	2
.9932622170000000	2
1.1356721950000000	2
1.2136687890000000	2
1.7208212900000000	2
1.1271017890000000	2
.8821390460000000	2
1.6304653200000000	2
.9296108250000000	2
.9777061340000000	2
1.0802044070000000	2
1.0005033800000000	2
1.1301256390000000	2
.8441256220000000	2
.8034291450000000	2
.8738125130000000	2
.9529784480000000	2
1.1655368540000000	2
1.0060633350000000	2
.7874094350000000	2
1.0073510400000000	2